                                                                                                    
                                                                                                    
                                                                                                    
                                                5005                                                
                                            600009900004                                            
                                        600009        800006                                        
                                    4000097              7800005                                    
                               76000067                      76000047                               
                           7800005                                4000087                           
                        900006                                        600009                        
                   7600006                                                6000067                   
                 00004                                                        40000                 
                 00000007                                                  70000000                 
                 00   600009                                            800006   00                 
                 00       4000093                                  3800005       00                 
                 00           2000003                          2000002           00                 
                 00               3000001                  3000003               00                 
                 00                   5000001          1000005                   00                 
                 00                       2000002  2000002                       00                 
                 00                           10000001                           00                 
                 00                              00                              00                 
                 00                              00                              00                 
                 00                              00                              00                 
                 00                              00                              00                 
                 00                              00                              00                 
                 00                              00                              00                 
                 00                              00                              00                 
                 00                              00                              00                 
                 00                              00                              00                 
                 00                              00                              00                 
                 00                              00                              00                 
                 00                              00                              00                 
                 00005                           00                           50000                 
                   7400006                       00                      76000047                   
                        600009                   00                   900006                        
                            800004               00               400009                            
                               76000067          00          76000067                               
                                    5000097      00      7900005                                    
                                        400000   00   000005                                        
                                            600000000004                                            
                                                4005                                                
                                                                                                    
                                                                                                    